(5587,5600,9699,37279,50537,51124,54936,82655,94947,136550,137151,138143,138146,138747,138751,139645,139652,139664,139671,139673,139674,139684,139685,139703)


149427
149671
149681
149814
150191
150192
150193
150194
150195
150196
150197
150198
150199
150200
150201
150202
150203
150204
150205
150206
150207
150208
150209
150210
150211
150212
150213
150214
150215
150216
150217
150218
150219
150220
150221
150222
150223
150224
150225
150226
150227
150228
150229
150230
150231
150232
150233
150234
150235
150236
150237
150238
150239
150240
150241
150242
150243
150244
150245
150246
150247
150248
150249
150250
150251
150252
150253
150254
150255
150256
150257
150258
150260
150261
150262
150263
150264
150266
150267
150268
150269
150270
150271
150272
150273
150274
150275
150276
150277
150278
150279
150280
150281
150282
150283
150284
150285
150286
150287
150288
150289
150290
150291
150292
150293
150294
150295
150296
150297
150298
150299
150300
150301
150302
150303
150304
150305
150306
150307
150308
150309
150310
150311
150312
150313
150314
150315
150316
150317
150318
150319
150320
150321
150322
150323
150324
150325
150326
150327
150328
150329
150330
150331
150332
150333
150334
150335
150336
150337
150338
150339
150340
150341
150342
150343
150344
150345
150346
150347
150348
150349
150350
150351
150352
150353
150354
150355
150356
150357
150358
150359
150360
150361
150362
150363
150364
150365
150366
150367
150368
150369
150370
150371
150372
150373
150374
150375
150376
150377
150378
150379
150380
150381
150382
150383
150384
150385
150386
150387
150388
150389
150390
150391
150392
150393
150394
150395
150396
150397
150398
150399
150400
150401
150402
150403
150404
150405
150406
150407
150408
150409
150410
150411
150412
150413
150414
150415
150416
150417
150418
150419
150421
150422
150423
150424
150425
150426
150446
150447
150448
150449
150450
150451
150452
150453
150454
150455
150456
150457
150458
150459
150460
150461
150462
150463
150464
150465
150466
150467
150468
150469
150470
150471
150472
150473
150474
150475
150476
150477
150478
150479
150480
150481
150482
150483
150484
150485
150486
150487
150488
150489
150490
150491
150492
150493
150494
150495
150496
150497
150498
150499
150500
150501
150502
150504
150506
150507
150508
150509
150510
150511
150512
150513
150514
150515
150516
150517
150518
150519
150520
150521
150522
150523
150524
150525
150526
150527
150528
150529
150530
150531
150532
150533
150534
150535
150536
150537
150538
150539
150540
150541
150542
150543
150544
150545
150547
150548
150549
150550
150551
150552
150553
150554
150555
150556
150557
150558
150559
150560
150561
150562
150563
150565
150566
150567
150568
150569
150570
150571
150572
150573
150574
150575
150576
150577
150578
150579
150580
150581
150582
150583
150584
150585
150586
150587
150588
150589
150590
150591
150592
150593
150594
150595
150596
150597
150598
150599
150600
150601
150602
150603
150604
150605
150606
150607
150608
150609
150610
150611
150612
150613
150614
150615
150616
150617
150619
150620
150621
150622
150623
150624
150625
150626
150627
150628
150629
150630
150631
150632
150633
150634
150635
150636
150637
150638
150639
150640
150641
150642
150643
150644
150645
150646
150647
150648
150649
150650
150651
150652
150653
150654
150655
150656
150657
150658
150659
150660
150661
150662
150664
150665
150666
150667
150668
150669
150670
150671
150672
150673
150674
150675
150676
150677
150678
150679
150680
150681
150682
150683
150684
150685
150686
150687
150688
150689
150690
150691
150692
150693
150694
150695
150696
150697
150698
150699
150700
150701
150702
150703
150704
150705
150706
150707
150708
150709
150710
150711
150712
150713
150714
150715
150716
150717
150718
150719
150720
150721
150722
150723
150724
150725
150726
150727
150728
150730
150732
150733
150734
150735
150736
150737
150738
150739
150740
150741
150742
150743
150744
150745
150746
150747
150748
150749
150750
150751
150752
150753
150754
150755
150756
150757
150758
150759
150760
150761
150762
150763
150764
150765
150766
150767
150768
150769
150770
150771
150772
150773
150774
150775
150776
150777
150778
150779
150780
150781
150782
150783
150784
150785
150786
150787
150788
150789
150790
150791
150792
150793
150794
150795
150796
150797
150798
150799
150800
150801
150802
150803
150804
150805
150806
150807
150808
150809
150810
150811
150812
150813
150814
150815
150816
150817
150818
150819
150820
150822
150823
150824
150825
150826
150827
150828
150829
150830
150831
150832
150833
150834
150835
150836
150837
150838
150839
150840
150841
150842
150843
150844
150845
150846
150847
150848
150849
150850
150851
150852
150853
150854
150855
150856
150858
150859
150860
150861
150862
150863
150864
150865
150866
150867
150868
150869
150870
150871
150872
150873
150874
150876
150877
150878
150879
150880
150881
150882
150883
150884
150885
150886
150887
150888
150889
150890
150891
150892
150893
150894
150895
150896
150897
150898
150899
150900
150901
150902
150903
150904
150905
150906
150907
150908
150909
150910
150911
150912
150913
150914
150915
150916
150917
150918
150919
150920
150921
150922
150923
150924
150925
150926
150927
150928
150930
150931
150932
150933
150934
150935
150936
150937
150938
153338
153341
153342
154114
154117
154125
154141
154158
154182
154212
154214
154216
160214
160215
160275
160283
160293
160294
160295
160307
160317
160319
160323
160324
161821
161826
161830
162853
162857
162879
162996
163049
169702
169722
169723
169724
169725
169726
169727
169728
169729
169730
169731
169732
169733
169734
169735
169736
169737
169738
169739
169740
169741
169742
169743
169744
169745
169746
169747
169748
169749
169750
169751
169752
169753
169754
169755
169756
169757
169758
169759
169760
169761
169762
169763
169764
169765
169766
169767
169768
169769
169770
169771
169772
169773
169774
169775
169776
169777
169778
169779
169780
169781
169782
169783
169784
169785
169786
169787
169788
169789
169790
169791
169792
169793
169794
169795
169831
169832
169833
169834
169835
169836
169837
169838
169839
169840
169841
169842
169843
169844
1864
1865
4353
4360
4369
4370
4377
4383
4384
4390
4391
4394
4395
4400
4409
4672
4687
4924
4925
4984
4985
5120
5137
5153
5733
5822
5823
7841
7852
7855
7859
8202
9811
10690
21279
23964
24342
24343
24345
24350
24352
24353
24354
24357
24358
24359
24361
24362
24364
24365
24366
24368
24369
24371
24372
24373
24378
24381
24382
24384
24385
24390
24395
24396
24397
24398
24399
24400
24401
24402
24404
24405
24406
24408
24409
24410
24412
24414
24416
24417
24419
24420
24421
24422
24424
24425
24426
24429
24432
24433
24434
24435
24437
24438
24439
24442
24443
24446
24447
24448
24449
24452
24453
24454
24456
26122
26124
26125
26128
26131
26134
26135
26137
26138
26139
26144
26146
26147
26149
26150
26151
26152
26155
26156
26157
26158
26159
26164
26168
26172
26173
26174
26176
26177
26178
26180
26181
26182
26183
26186
26187
26188
26190
26192
26194
26196
26197
26205
26211
26212
26213
26214
26217
26218
26220
26221
26222
26225
26227
26228
26232
26235
26236
26237
26238
26241
26242
26243
26244
26246
26247
26249
26252
26255
26257
30246
30788
30789
30872
30873
30874
30877
30880
30883
30884
30885
30886
30890
30891
30892
30894
30896
30898
30899
30900
30901
30902
30904
30905
30908
30910
30911
30913
30914
30915
30917
30918
30919
30920
30921
30922
30926
30928
30929
30930
30932
30933
30934
30936
30939
30940
30943
30944
30948
30949
30952
30956
30958
30959
30960
30962
30963
30964
30965
30966
30967
30968
30969
30970
30971
30972
30978
30979
30980
30982
30983
30984
30985
30988
30993
30996
30997
31001
31008
31009
31011
31014
31025
31027
31028
31031
31033
31034
31035
31043
31049
31054
31056
31060
31066
31067
31069
31074
31078
31090
31097
31101
31104
31125
31126
31127
31128
31130
31131
31132
31134
31136
31138
31139
31143
31148
31151
31153
31154
31166
31169
31170
31172
31174
31177
31178
31181
31182
31183
31188
31189
31198
31201
31202
31203
31204
31208
31209
31215
31219
31229
31230
31235
31237
31240
31241
31244
31245
31247
31248
31249
31250
31253
31254
31255
31258
31259
31261
31262
31264
31265
31267
31272
31273
31275
31276
31277
31278
31280
31281
31282
31283
31284
31285
31287
31288
31292
31293
31295
31297
31298
31299
31300
31302
31303
31305
31307
31309
31310
31314
31315
31316
31318
31319
31321
31322
31325
31328
31331
31333
31334
31339
31340
31341
31342
31344
31353
31355
31356
31359
31360
31361
31363
31364
31367
31368
31374
31378
31380
31381
31383
31384
31385
31386
31387
31388
31390
31392
31394
31396
31398
31400
31402
31404
31405
31406
31407
31412
31414
31415
31416
31418
31419
31421
31423
31424
31425
31426
31427
31430
31432
31434
31435
31438
31439
31440
31442
31443
31446
31448
31450
31451
31454
31457
31459
31460
31462
31464
31466
31469
31470
31472
31473
31474
31475
31476
31477
31479
31480
31481
31482
31483
31484
31486
31487
31488
31489
31490
31492
31495
31496
31498
31500
31502
31504
31505
31507
31509
31515
31517
31522
31527
31540
35236
35240
35245
35253
35259
35260
35261
35270
35271
35272
35273
35274
35276
35279
35280
35283
35285
35286
35287
35288
35295
35296
35297
35298
35299
35300
35301
35305
35307
35308
35310
35312
35313
35314
35315
35316
35317
35319
35320
35321
35322
35325
35332
35334
35335
35339
35340
35341
35345
35347
35348
35349
35352
35354
35357
35358
35359
35365
35366
35367
35369
35370
35373
35375
35379
35385
35387
35388
35391
35392
35393
35395
35396
35399
35405
35406
35407
35408
35413
35414
35415
35418
35423
35424
35426
35427
35429
35431
35433
35441
35445
35446
35447
35448
35450
35453
35454
35455
35456
35458
35459
35461
35464
35465
35471
35475
35477
35478
35480
35482
35483
35484
35485
35488
35490
35492
35493
35494
35495
35496
35499
35501
35508
35509
35514
35516
35518
35519
35523
35524
35526
35545
35546
35549
35550
35557
35558
35565
35570
35575
35576
35577
35581
35583
35584
35586
35588
35591
35599
35604
35607
35608
35609
35611
35612
35613
40422
40427
40428
40429
40431
40445
40448
40450
40451
40454
40455
40459
40468
40469
40470
40474
40478
40481
40486
40488
40490
40493
40494
40495
40498
40506
40507
40508
40511
40512
40514
40515
40517
40518
40522
40523
42084
42157
42192
42195
46218
47971
47972
47974
47977
47981
47988
47990
47992
47993
47994
47996
47997
47999
48001
48002
48003
48005
48006
48008
48010
48012
48014
48016
48017
48020
48022
48023
48026
48027
48028
48029
48030
48032
48033
48035
48037
48039
48042
48043
48046
48047
48048
48049
48053
48056
48060
48065
48071
48072
48075
48079
48768
48775
48776
48778
48782
48783
48785
48786
48787
48788
48791
48792
48793
48796
48797
48800
48806
48808
48810
48814
48815
48817
48819
48820
48827
49762
49854
49986
49987
49989
49991
49992
49998
50000
50002
50005
50006
50007
50008
50009
50011
50013
50014
50015
50017
50021
50025
50029
50031
50032
50034
50035
50037
50039
50040
50041
50046
50048
50049
50052
50053
50054
51535
51584
51707
51806
52011
52017
52307
53945
53947
53949
53950
53954
53955
53956
53958
53960
54064
54078
54079
54634
55004
55861
56581
58682
59357
59495
59498
59500
59502
59504
59512
59513
59514
59515
59516
59519
59520
59521
59522
59523
59528
59529
59531
59532
59534
59537
59542
59545
59546
59551
59556
59557
59558
59559
59560
59561
59562
59564
59565
59567
59569
59571
60925
63100
63493
65484
65485
65487
65489
65490
65492
65493
65494
65498
65499
65500
65501
65503
65504
65506
65507
65509
65510
65511
65515
65516
65519
65527
65528
65531
65532
65537
65538
65539
65542
65545
65546
65547
65550
65552
65553
65554
65555
65558
65563
65564
65566
65568
65570
65571
65573
65575
65576
65577
65578
65579
65580
65581
65583
65586
65587
65588
65592
65595
65597
65598
65602
65603
65606
65611
65615
65622
65628
65629
65630
65632
65635
65639
65643
65646
65648
65657
65658
65659
65660
65661
65662
65665
65667
65669
65671
66174
66176
66177
66179
66180
66181
66184
66185
66186
66187
66189
66190
66194
66195
66196
66197
66198
66199
66202
66205
66216
66220
66221
66225
66228
66229
66235
66361
66519
66527
66558
66559
68194
68248
68949
69112
69209
70704
70707
70709
70711
70714
70721
70722
70736
70738
70741
70743
70747
70757
70771
70786
70787
70789
70790
70792
70793
70794
70795
70797
70798
70801
70802
70805
70811
70813
70819
70820
70823
70826
70831
70833
70834
70847
70849
70853
70855
70857
70858
70859
70860
70862
70863
70865
70866
70868
70869
70897
70898
70902
70903
70925
70940
70956
70959
70960
70963
70968
70974
70977
70979
70988
70989
70993
70994
70996
72720
72733
74091
74096
74109
74110
74111
74112
74113
74115
74125
74128
74129
74167
74173
74174
74175
74179
74181
74185
74186
74187
74188
74189
74191
74194
74200
74205
74207
74208
74209
74210
74211
74212
74213
74214
74215
74216
74218
74219
74223
74225
74226
74227
74228
74230
74231
74232
74234
74235
74236
74238
74239
74240
74241
74243
74246
74249
74252
74255
74256
74264
74265
74270
74271
74274
74276
74279
74285
74287
74288
74289
74292
74293
74295
74297
74299
74312
74313
74316
74318
74320
74325
74326
74333
74336
74338
74339
74685
74817
74959
75261
75266
75283
75362
75390
75507
76298
76320
76910
76911
76912
76914
76915
76919
76921
76923
78131
78185
78301
78497
78533
78600
78712
78715
78716
79579
79640
79701
79705
79733
79740
79803
79810
79838
79862
79867
79874
79877
79882
79888
79907
79991
79999
80075
80076
80077
80078
80097
80184
80186
80187
80190
80192
80198
80235
80243
80254
80259
80607
80612
80626
80630
80802
80804
80805
80819
80884
80886
80887
80889
80934
80941
80977
81011
81124
81136
81449
81609
81652
81697
81755
81790
81971
82009
82062
82067
82313
82323
82365
82541
82560
82682
82706
82726
82864
82919
83104
83195
83379
83391
83416
83428
83442
83473
83503
83657
83716
83782
83945
84087
84175
84239
84276
84298
84313
84376
84388
84398
84574
85751
86505
86512
86513
86518
86537
86550
86555
86556
86573
86579
86625
86657
86672
86684
86739
86740
86773
87886
89333
91084
92301
92457
92527
93001
93345
93379
93652
94520
94945
102365
105588
105604
108124
108173
111907
111908
111911
111913
111918
111919
111920
111921
111922
111923
111924
111925
111926
111928
111929
111932
111933
111934
125939
128355
132485
132729
145244
145742
148537
151768
169074
169287
169448
170751
170918
170925
171136
171180
171181
171182
171183
171432
172296
172314
172720
